167001 2.3820555622637456
164845 1.8351250964936114
207703 1.3385952591702603
75216 1.3293137951710172
167063 1.1557830485320422
362019 1.1557830485320422
251372 1.0741558874672696
170603 1.0741558874672696
357613 1.050863955892702
375432 0.9366332848101799
96304 0.9366332848101799
170137 0.9366332848101799
91449 0.9366332848101799
212300 0.8946536019768684
212634 0.8946536019768684
366585 0.8946536019768684
360553 0.8946536019768684
522919 0.8946536019768684
146856 0.8815349510914584
162828 0.8815349510914584
318506 0.8815349510914584
509991 0.8815349510914584
176629 0.8815349510914584
517247 0.8815349510914584
173123 0.8815349510914584
537573 0.8815349510914584
358826 0.8713315559583618
455254 0.8713315559583618
214951 0.8713315559583618
124843 0.8713315559583618
376381 0.8713315559583618
589662 0.8642875877446505
524926 0.8642875877446505
226571 0.8642875877446505
362949 0.8642875877446505
157761 0.8642875877446505
298457 0.8642875877446505
56 0.7897043948935893
